255,3,0,1 1792
3,32,0,1 1792
1,44,0,1 1792
2,88,0,1 1792
0,100,0,1 1800
3,132,0,1 1792
1,144,0,1 1792
2,188,0,1 1792
0,200,0,1 1792
1,244,0,1 3584
255,4,0,2 1792
255,3,0,100 1792
3,0,100,0 1792
6,255,3,0 1792
255,4,0,200 1792
4,0,200,0 1792
6,255,4,0 3584
0,6,255,3 3584
0,6,255,4 16128
3,32,0,100 1792
4,3,32,0 1792
1,44,0,100 1792
4,1,44,0 1792
2,88,0,100 1792
4,2,88,0 1792
3,132,0,100 1792
1,144,0,100 1792
2,188,0,100 1792
0,200,0,100 1792
1,244,0,100 3584
4,3,132,0 1792
4,1,144,0 1792
4,2,188,0 1792
3,1,244,0 1792
4,1,244,0 1792
255,4,2,1 1792
255,3,1,2 1792
255,4,1,2 1792
255,3,1,244 1792
255,4,3,1 1792
6,255,3,1 1792
255,4,1,44 1792
255,4,1,144 1792
255,4,1,244 1792
6,255,4,1 5376
255,4,2,88 1792
255,4,2,188 1792
6,255,4,2 3584
255,4,3,32 1792
255,4,3,132 1792
6,255,4,3 3584
